<?xml version="1.0"?>
<opencv_storage>
<Features>
  <_ type_id="opencv-matrix">
    <rows>9</rows>
    <cols>5</cols>
    <dt>d</dt>
    <data>
      -7.5037944114162192e-01 -1.6236984735015451e+01
      -1.3293272572738804e+01 2.2025478807923471e+00
      2.2762702793016749e+00 -5.3781054431195585e+00
      -1.4463754313189618e+00 6.0532705550819701e+00
      1.3934381466040036e+00 1.4027779964872633e+00
      3.8113695238994181e+00 7.2353231890164889e+00
      5.2654757341444984e+00 4.9783128798975868e-01
      4.6742030318777793e-02 7.6307509466734675e+00
      3.5204681440121632e+00 -7.2293445054851224e-01
      9.5203615838379763e-01 8.5779455661324511e-01
      4.0784042522959592e+00 3.1857367023220937e+00
      2.4522156182882768e+00 1.0310257632637660e+00
      1.8820102764401736e-01 -1.7601474369202095e+00
      -1.2772375233922398e-01 6.5681211671974493e+00
      1.4872498472694042e+00 1.3495019180272836e+00
      4.3243652759860796e+00 5.9034231483890540e+00
      2.4800078921922788e+00 1.0172318120307036e+00
      6.7132187925144005e-01 3.2748014363006761e+00
      3.9856165462880808e+00 3.6291506212405298e+00
      7.8742340963641855e-01 6.5391093720790794e-01
      8.3613580105829186e+00 3.9004883406739763e+00
      9.4159838845155241e-01 1.2522379879701573e+00
      8.1550479811676801e-01</data></_>
  <_ type_id="opencv-matrix">
    <rows>5</rows>
    <cols>8</cols>
    <dt>d</dt>
    <data>
      -1.3570498833904228e+01 8.7796472272364614e+00
      5.8705505859563134e+00 -1.6182719237948282e+00
      -1.4869329534525759e+00 -1.9752993656858366e+00
      -1.6726755176848906e+00 -1.5683407152908180e+00
      1.3894928860340285e+01 -1.4334390086851521e+01
      -1.4689340042659571e+00 -8.3338277075345379e-01
      -1.0339554557090420e+00 -1.1554028082666932e+00
      -1.4180036283348127e+00 -1.0679868810727720e+00
      2.5531900198896844e+00 1.3719474787890411e+01
      -1.3304584394219409e+01 -1.7313434475515306e+00
      -1.6068431076008978e+00 -1.6990972235979305e+00
      -1.9057695490304543e+00 -1.3832882072606103e+00
      1.9367406252241111e+00 -7.9022968181226840e+00
      4.7015097102829839e-01 -2.7659813904497197e+00
      -2.3858347827315445e+00 -2.4708167829716028e+00
      -2.4550149552639939e+00 -2.6750894314830935e+00
      2.4929319583016856e+00 -7.2462826155694344e+00
      3.4749961592570155e-01 -2.4991022429174077e+00
      -2.9834594401346584e+00 -2.6843635740521012e+00
      -2.7224888617295226e+00 -2.7450719455668966e+00</data></_></Features>
</opencv_storage>
