<?xml version="1.0"?>
<opencv_storage>
<Features>
  <_ type_id="opencv-matrix">
    <rows>9</rows>
    <cols>5</cols>
    <dt>d</dt>
    <data>
      7.6171034569368590e-01 5.0882763503133432e-01
      2.1084488417557179e-01 3.6800291589460249e-01
      1.5746665112035790e-01 7.6757849839341508e-01
      8.0540186230921984e-01 5.7668676445924349e-01
      7.3615889531254097e-01 1.6420191240906559e-01
      3.7766418074798735e-01 3.0825278847415222e-01
      4.9869113196578030e-01 3.6490025712695112e-01
      8.6906223196021526e-01 7.5744995158090400e-01
      4.3792819817077761e-01 5.1695574854463799e-01
      4.3631432504962631e-01 2.1295888499815938e-01
      7.7938169558241077e-01 8.6239496221376954e-01
      2.7415223513426018e-01 8.9941570608643706e-01
      8.3667938216061477e-01 5.1415153849173045e-01
      2.3409010214009263e-01 2.7631674666224043e-01
      7.9930062157538706e-01 6.1972013264152193e-01
      4.3538507917559399e-01 2.3046416768363201e-01
      7.5425568990829817e-01 8.2741897620245419e-01
      1.2476400679583596e-01 7.0343511462737518e-01
      1.8081719992094522e-01 1.9419665045660500e-01
      5.4413516063577405e-01 8.3003711509446199e-01
      8.8767563410833294e-01 2.0529458125412237e-01
      6.7734677527977483e-01 4.5707615142478547e-01
      5.3989937722869141e-01</data></_>
  <_ type_id="opencv-matrix">
    <rows>5</rows>
    <cols>3</cols>
    <dt>d</dt>
    <data>
      -1.7403021850973180e-01 -2.0944601478155139e-01
      -3.1143575843840379e-02 -4.8050245986203027e-01
      -4.6024062625260242e-01 4.0995482473044836e-01
      -2.0030608845750746e-02 -4.1354484114990583e-02
      3.8221571218767192e-01 -7.2882011202481467e-01
      -2.9101991031414565e-01 -2.7039841147364990e-02
      -3.3092416789010176e-01 -3.0411122905755433e-01
      5.4321253286875604e-01</data></_>
  <_ type_id="opencv-matrix">
    <rows>9</rows>
    <cols>5</cols>
    <dt>d</dt>
    <data>
      1.3764060959228124e+63 1.8811496459609114e+62
      -5.3723341374028943e+62 9.1006937112854934e+63
      7.2582847320472255e+63 1.2226177053169117e+63
      1.6709653279764521e+62 -4.7720733399277107e+62
      8.0838564251083442e+63 6.4473031977402733e+63
      1.0457610561201256e+63 1.4292533622943239e+62
      -4.0817734228312493e+62 6.9144935460046209e+63
      5.5146744332872777e+63 1.3764060959228124e+63
      1.8811496459609114e+62 -5.3723341374028943e+62
      9.1006937112854934e+63 7.2582847320472255e+63
      1.3687166763925173e+63 1.8706404300616884e+62
      -5.3423210975291353e+62 9.0498518469766339e+63
      7.2177356553318781e+63 5.7670646477212816e+62
      7.8819119244172265e+61 -2.2509779905319392e+62
      3.8131398231643131e+63 3.0411807536510721e+63
      1.3687166763925173e+63 1.8706404300616884e+62
      -5.3423210975291353e+62 9.0498518469766339e+63
      7.2177356553318781e+63 1.3764060959228124e+63
      1.8811496459609114e+62 -5.3723341374028943e+62
      9.1006937112854934e+63 7.2582847320472255e+63
      1.0457610561201256e+63 1.4292533622943239e+62
      -4.0817734228312493e+62 6.9144935460046209e+63
      5.5146744332872777e+63</data></_>
  <_ type_id="opencv-matrix">
    <rows>5</rows>
    <cols>3</cols>
    <dt>d</dt>
    <data>
      -4.9641619214009418e+65 -6.3542846010458671e+65
      -6.5921046220087847e+65 -4.9748000295884800e+65
      -6.3679017167061994e+65 -6.6062313816235696e+65
      -4.9544215632541206e+65 -6.3418166338922982e+65
      -6.5791700197584290e+65 -4.9514959060807297e+65
      -6.3380716999801574e+65 -6.5752849252589980e+65
      -4.9645158446264199e+65 -6.3547376339922560e+65
      -6.5925746104917241e+65</data></_></Features>
</opencv_storage>
