<?xml version="1.0"?>
<opencv_storage>
<Features>
  <_ type_id="opencv-matrix">
    <rows>9</rows>
    <cols>5</cols>
    <dt>d</dt>
    <data>
      6.1085419527551654e-01 -2.9580646333056837e+00
      1.5868846894577973e+00 -1.7075079197576557e+00
      1.0029440560590168e+00 -1.0355800615424204e+00
      2.4363183362459346e+00 2.9031883330330538e-01
      3.7106324962872912e+00 2.7054325627944498e-01
      4.3936301962255819e-01 1.6506994827253458e+00
      3.7800678651293351e-01 -1.8699815171921261e+00
      3.3215268348045407e-01 -1.1457392524082673e-01
      2.6726516218465152e-01 8.1304044209436099e-01
      3.0402971555473346e-01 8.3827487955149416e-01
      2.0507598011541348e-01 3.0790075825729746e+00
      5.5414917606145297e-01 -1.0296863128382594e+00
      3.5093341722556959e-01 8.0347884252735446e-01
      -2.3211793983079456e+00 1.3087388607053136e+00
      -1.4972571139416773e+00 1.0926948078462246e+00
      4.6347498454278968e-01 3.6300023092320912e+00
      3.7947337695875988e-01 -9.6186359512457098e-01
      4.9612016698079042e-01 -5.4585675915107301e-01
      1.3861572437250351e+00 3.6768723380070401e-01
      2.7036834816485920e+00 -2.3811639015947510e-02
      1.3482468491054256e+00 -2.1918732547415207e-01
      6.9403579390928050e-01 -4.0814580009996906e+00
      9.1305245229268106e-01</data></_>
  <_ type_id="opencv-matrix">
    <rows>5</rows>
    <cols>3</cols>
    <dt>d</dt>
    <data>
      -1.0866977413491892e+00 -2.0141226384200137e+00
      1.6444987632292680e+00 8.3231156645397526e+00
      -1.2475017725791946e+00 -7.3031166195634931e+00
      -1.8560320994460986e+00 -1.3913752226828269e+00
      1.5668851208080039e+00 -2.4966608729503252e+00
      8.0194420393873820e+00 -5.9703280550151767e+00
      -1.3493061631938246e+00 -1.2484549785410675e+00
      1.0403804846982843e+00</data></_>
  <_ type_id="opencv-matrix">
    <rows>0</rows>
    <cols>0</cols>
    <dt>u</dt>
    <data></data></_>
  <_ type_id="opencv-matrix">
    <rows>0</rows>
    <cols>0</cols>
    <dt>u</dt>
    <data></data></_></Features>
</opencv_storage>
