<?xml version="1.0"?>
<opencv_storage>
<Features>
  <_ type_id="opencv-matrix">
    <rows>9</rows>
    <cols>5</cols>
    <dt>d</dt>
    <data>
      1.0688674472547306e+00 -2.2380088295424727e+00
      1.6288652081399073e+00 9.5765946054387463e-01
      -1.8449594341399707e+00 9.4258770293423155e-01
      3.3733160652649765e+00 3.1495905997832452e-01
      -1.8538358927591969e+00 1.0906307940839657e+00
      1.2157226826739978e-01 2.9850766560680397e-01
      7.8462443332977849e-01 2.3963073686062226e+00
      1.9914876375004105e+00 1.1804135014879760e+00
      6.6787800780758499e-01 7.2991133194547342e-01
      -1.2759901631531700e-01 -6.0017989964826324e-01
      4.9873424048328778e-02 1.9077323107930444e+00
      1.0326061282635099e-01 1.7140652814537856e+00
      2.7892906435728761e+00 1.5936297766618392e+00
      -1.8128007995473485e+00 9.3164210993808072e-01
      3.2305227320721060e-02 -1.9545592740741620e+00
      5.9592798774941658e-01 1.7717046272886789e+00
      7.8454753391044030e-01 1.8045380996815938e+00
      3.1242904355655736e+00 5.8865998879631154e-01
      2.7156009492561246e+00 5.0538208082439362e-01
      -2.0142015985460060e+00 2.5140457237954478e-01
      5.3527121725796889e-01 -1.8851875923373815e+00
      1.1358667633667636e+00 3.4884371326090973e+00
      1.1809033734799046e+00</data></_>
  <_ type_id="opencv-matrix">
    <rows>5</rows>
    <cols>3</cols>
    <dt>d</dt>
    <data>
      -3.9327154073170369e+00 1.2125414732925530e+00
      1.0358249159139381e+00 2.9417110043834298e+00
      3.3150041942109358e+00 -6.7325500305968902e+00
      -3.2150313479682464e+00 4.7989974733036091e-03
      9.7631759765788007e-01 2.7462402673896009e+00
      -6.2912097929914417e+00 2.6622479580059082e+00
      5.6991216624767747e+00 -2.6749373066003690e+00
      -2.3752480359340042e+00</data></_>
  <_ type_id="opencv-matrix">
    <rows>9</rows>
    <cols>5</cols>
    <dt>d</dt>
    <data>
      -8.8571117750785966e+00 -2.2549425944613488e+00
      -7.1125456267827869e-01 -2.5659540310166018e+00
      1.3395490476284346e+01 1.2765667233610396e+01
      -3.1849771930171573e+00 -7.2827232647655860e-01
      3.3084690737372995e+00 -5.9900074053471275e-01
      -6.8126608959483592e+00 5.7305096952908317e+00
      2.6794605957373241e+00 2.5439356751074635e+00
      -4.1740097216374901e+00 3.4498140440314731e+00
      1.6948093692412378e+00 1.2495056566912210e-01
      -1.1835939589418456e+00 -3.4896273118217946e+00
      4.0385294677309620e+00 6.1569830727828379e-01
      3.5113042029896936e-02 5.8544177695551785e+00
      -7.3596918849343093e-02 -1.0594283131575644e+01
      7.2064922705090870e+00 4.0168665970799120e+00
      -4.3157535050885931e+00 -5.3685026720224425e+00
      4.2058184961067093e+00 6.9077599207373130e-01
      2.5016300950491871e-01 5.8278354319010015e+00
      1.1938614954102601e-01 5.9408056251084078e+00
      7.6680731214927733e-01 5.1840681457782412e-01
      -2.7117089370259123e-01 -5.5469171226906182e+00
      -8.8309415054001192e+00 6.2474340675873696e+00
      2.5269543793537119e+00 1.3300949475224764e+00
      -2.0217029791588428e+00</data></_>
  <_ type_id="opencv-matrix">
    <rows>5</rows>
    <cols>8</cols>
    <dt>d</dt>
    <data>
      -1.0582373339429401e+01 9.7624461915530443e+00
      -8.5829173161130292e+00 1.1895883954919068e+01
      -1.3778541375280771e+00 5.0955543954772446e+00
      -1.3539330003602252e+00 9.1735261394387475e+00
      -3.4360142100090667e+00 -3.3056242765409394e-01
      -2.0548897700824026e-01 -9.6797848838928857e+00
      -2.5190489489538579e+00 -9.9594230768554652e+00
      -2.7073806371569300e+00 -3.8162487341863033e-02
      -5.4063330959542633e+00 -2.0949377128693834e+00
      1.8932444868291845e-01 -4.0166268528831699e+00
      -2.6142016352615873e+00 -2.7994247697949461e+00
      -2.5943201428525837e+00 -1.6301761491929607e+00
      1.4596614500435599e+01 -1.2097320662214603e+01
      -1.6191961158281245e+01 7.9703446812001060e+00
      -1.8062956182429566e+00 1.5301121978093053e+00
      -1.6201595614336814e+00 -1.2187603480519996e+01
      -9.0713165322943308e+00 -4.3058573178897070e+00
      6.7880386871061589e+00 -1.2746596477392295e+01
      -2.5400717197270342e+00 4.8173374363169624e-01
      -2.4441807720378743e+00 -5.0564337721618973e+00</data></_></Features>
</opencv_storage>
