<?xml version="1.0"?>
<opencv_storage>
<Features>
  <_ type_id="opencv-matrix">
    <rows>9</rows>
    <cols>5</cols>
    <dt>d</dt>
    <data>
      2.3839807240119542e+00 -1.4717141039761424e+01
      -9.8532105734771207e+00 -3.1087865368934944e+00
      2.9255520031579518e+00 -1.1156827675026971e+01
      2.3906843525963062e+00 5.1386588018101920e-01
      -7.2132618186128052e+00 2.1745713683564598e+00
      4.7981320137902799e+00 7.6017222353884391e+00
      -3.2833766174902475e+00 2.1498217723833761e+00
      6.4872793845531396e-01 -1.5751283221559520e+00
      -8.8292835897980637e-01 1.1413685938962493e+01
      4.5788500363271050e+00 1.3444965580010610e+00
      -2.8610082866888034e+00 5.1526552750614094e+00
      1.3813863727436855e+00 -6.1936127161410548e+00
      6.1997318077623975e-01 6.3396526976885408e+00
      6.0516450004757596e+00 -1.1774042240040282e+01
      1.0709263022418197e+01 1.9403029881663800e+00
      -2.7622374855298553e+00 4.8277188063559624e+00
      1.4020043735223187e+00 -6.7710896674961285e+00
      6.1212089213375498e-01 -4.8868696962314750e+00
      -2.4388214879399672e-01 1.4114832077157372e+01
      4.6661480750542310e+00 1.2999790308341013e+00
      7.1631025867068931e+00 6.3916124939084211e+00
      -5.3811407564644655e+00 2.5360006850115107e+00
      9.3309775426472175e-01</data></_>
  <_ type_id="opencv-matrix">
    <rows>5</rows>
    <cols>8</cols>
    <dt>d</dt>
    <data>
      -1.0778855171072220e+01 -4.5740738448060174e+00
      1.1699293413633752e+01 -1.2211994332532123e+00
      1.0727508777885536e+01 -2.0514948675463143e+00
      -1.0460493611674259e+01 -3.0339801927748988e+00
      1.0830390522569866e+01 -1.0700637059605409e+01
      -1.1998484107757804e+01 1.7231564681766510e+01
      1.2249852586480294e+01 -1.5833748654243966e+01
      -1.0862598473822517e+01 3.8506758223061972e+00
      -1.1905155520315000e-01 1.0177283424013780e+01
      -3.4703806939751800e+00 3.2004058450547537e+00
      -5.9299976032670534e+00 2.2382115421471611e+00
      -1.2313892947601470e+01 -1.7425148423627590e+01
      1.0692275619118247e+01 1.0568728132255966e+01
      3.3373998023767953e-01 -9.5433500643925093e+00
      -2.9399957326422239e+00 -1.0235163121202437e+01
      3.4737356901401029e+00 -1.5309688491114736e+01
      -1.5840746689470066e+01 -1.5155111290966691e+01
      -5.8623724877355405e+00 -1.5781851193659302e+01
      -1.3821689432003744e+01 2.5726207641204737e+00
      2.0214634910899565e+00 6.9925889503642367e+00</data></_>
  <_ type_id="opencv-matrix">
    <rows>0</rows>
    <cols>0</cols>
    <dt>u</dt>
    <data></data></_>
  <_ type_id="opencv-matrix">
    <rows>0</rows>
    <cols>0</cols>
    <dt>u</dt>
    <data></data></_></Features>
</opencv_storage>
